160.375 331.6 471.0 510.3333333333333 502.0 545.3333333333334 642.6666666666666 718.5 744.0 796.4 903.0 827.0 827.0 806.0 893.5 901.0 845.0 829.0 773.0 771.0 745.0 886.0 852.5 811.0 840.0 865.0 851.6666666666666 820.0 839.0 893.0 940.5 942.0 1059.6666666666667 1102.0 1098.0 1109.3333333333333 1133.0 1072.0 1074.0 1043.0 1121.6666666666667 1133.25 1135.0 1114.0 1082.5 1100.0 963.5

1 2 3 4 6 7 8 9 10 11 12 13 14 15 17 18 20 21 23 24 25 26 27 28 29 32 33 34 35 37 38 40 41 42 43 44 45 46 47 49 50 52 53 54 56 57 60

87.4 52.0 46.75 81.14285714285714 54.333333333333336 69.25 121.0 75.0 96.33333333333333 108.0 103.25 82.0 77.33333333333333 68.0 158.8 150.75 130.5 173.33333333333334 133.66666666666666 115.75 148.22222222222223 164.0 135.0 122.5 158.5 136.4 169.16666666666666 163.5 99.75 134.4 131.5 184.2 146.33333333333334 157.14285714285714 111.83333333333333 172.57142857142858 147.5 122.9 166.66666666666666 164.33333333333334 157.85714285714286 156.75 161.5 207.0 171.0 198.0 189.5 199.8 179.2 94.0 136.33333333333334 84.25 93.22222222222223 112.71428571428571 212.66666666666666 211.33333333333334 124.85714285714286 170.0

1 2 3 4 5 6 7 8 9 10 11 12 13 14 15 16 17 18 19 20 21 22 23 24 25 26 27 28 29 30 32 33 34 35 36 37 38 39 40 41 42 43 44 45 46 47 48 49 50 52 53 54 55 56 57 58 59 60

161.22222222222223 357.14285714285717 489.4 540.0 579.0 654.8 729.0 798.3333333333334 833.0 865.5 881.75 992.0 977.75 985.0 1008.0 986.0 1020.8 1028.0 1076.75 1163.5 1077.0 1103.0 1219.5 1065.0 1180.0 1091.5 963.0 892.0 1046.0 937.0 924.0 1000.5 968.0 942.0 904.0 831.0 856.5 883.0 808.0 898.0 824.5 855.0 939.5 955.5 931.0 938.0 901.0 929.3333333333334

1 2 3 4 5 6 7 8 9 10 11 12 14 15 16 17 18 19 20 21 24 25 26 28 29 30 32 33 34 35 36 37 39 40 41 45 46 47 48 49 50 52 53 55 57 58 59 60

92.22222222222223 82.71428571428571 145.88888888888889 143.0 151.33333333333334 141.5 125.71428571428571 154.66666666666666 112.0 78.5 105.83333333333333 119.28571428571429 111.0 116.0 69.16666666666667 127.33333333333333 148.33333333333334 151.4 183.5 123.25 206.625 230.5 170.33333333333334 206.75 178.5 155.42857142857142 157.4 130.0 172.5 108.33333333333333 122.6 186.5 136.5 173.16666666666666 169.0 128.0 121.83333333333333 130.0 129.0 112.4 95.0 140.16666666666666 140.0 110.66666666666667 120.5 158.11111111111111 158.0 86.4 99.8 101.33333333333333 129.6 107.66666666666667 95.55555555555556 104.33333333333333 150.5 134.85714285714286 103.6 147.0 141.16666666666666

1 2 3 4 5 6 7 8 9 10 11 12 13 14 15 16 17 18 19 20 21 22 23 24 25 26 27 28 29 30 31 32 33 34 35 36 37 38 39 40 41 42 43 44 45 46 47 49 50 51 52 53 54 55 56 57 58 59 60